T   	x_agg
0   	  1.9404277893837611
1   	  1.9404277893832944
2   	  1.9431126298593415
3   	  1.9477216290497246
4   	  1.9537122179504078
5   	  1.9606335830628305
6   	  1.9681997096417752
7   	  1.9762124642484589
8   	  1.9844879144940528
9   	  1.9929195465463738
10  	  2.0013709193228780
11  	  2.0097248868555346
12  	  2.0178949403754530
13  	  2.0258118565510097
14  	  2.0334739619149875
15  	  2.0408351373470515
16  	  2.0478720671571593
17  	  2.0545922829540180
18  	  2.0610100392163444
19  	  2.0671389488656150
20  	  2.0729920121409244
21  	  2.0785816441742290
22  	  2.0839197013244957
23  	  2.0890175063266363
24  	  2.0938858723085390
25  	  2.0985351257271870
26  	  2.1029751282724160
27  	  2.1072152977849160
28  	  2.1112646282327274
29  	  2.1151317087886450
30  	  2.1188247420489930
31  	  2.1223515614324590
32  	  2.1257196477958242
33  	  2.1289361453018247
34  	  2.1320078765729380
35  	  2.1349413571630143
36  	  2.1377428093776984
37  	  2.1404181754727400
38  	  2.1429731302583197
39  	  2.1454130931361095
40  	  2.1477432395944910
41  	  2.1499685121865233
42  	  2.1520936310137273
43  	  2.1541231037380584
44  	  2.1560612351432690
45  	  2.1579121362659253
46  	  2.1596797331154640
47  	  2.1613677750017875
48  	  2.1629798424880655
49  	  2.1645193549855755
50  	  2.1659895780067324
51  	  2.1673936300916865
52  	  2.1687344894231586
53  	  2.1700150001435620
54  	  2.1712378783878226
55  	  2.1724057180446534
56  	  2.1735209962585370
57  	  2.1745860786841105
58  	  2.1756032245039885
59  	  2.1765745912208327
60  	  2.1775022392336850
61  	  2.1783881362083473
62  	  2.1792341612510957
63  	  2.1800421088944710
64  	  2.1808136929037410
65  	  2.1815505499120470
66  	  2.1822542428919034
67  	  2.1829262644704603
68  	  2.1835680400955897
69  	  2.1841809310594327
70  	  2.1847662373859116
71  	  2.1853252005882076
72  	  2.1858590063022230
73  	  2.1863687868014403
74  	  2.1868556233986590
75  	  2.1873205487395713
76  	  2.1877645489931505
77  	  2.1881885659434746
78  	  2.1885934989873430
79  	  2.1889802070420260
80  	  2.1893495103671663
81  	  2.1897021923046300
82  	  2.1900390009400876
83  	  2.1903606506898140
84  	  2.1906678238160566
85  	  2.1909611718741900
86  	  2.1912413170947898
87  	  2.1915088537034210
88  	  2.1917643491811023
89  	  2.1920083454679910
90  	  2.1922413601129325
91  	  2.1924638873712317
92  	  2.1926763992530250
93  	  2.1928793465245170
94  	  2.1930731596640745
95  	  2.1932582497753530
96  	  2.1934350094593036
97  	  2.1936038136469070
98  	  2.1937650203944834
99  	  2.1939189716431553
100 	  2.1940659939441710
101 	  2.1942063991515433
102 	  2.1943404850835377
103 	  2.1944685361544000
104 	  2.1945908239776230
105 	  2.1947076079420720
106 	  2.1948191357622004
107 	  2.1949256440034670
108 	  2.1950273585841393
109 	  2.1951244952544746
110 	  2.1952172600543802
111 	  2.1953058497504420
112 	  2.1953904522532700
113 	  2.1954712470161350
114 	  2.1955484054155600
115 	  2.1956220911148585
116 	  2.1956924604112680
117 	  2.1957596625675193
118 	  2.1958238401283983
119 	  2.1958851292231070
120 	  2.1959436598540454
121 	  2.1959995561725267
122 	  2.1960529367421486
123 	  2.1961039147902466
124 	  2.1961525984481070
125 	  2.1961990909802930
126 	  2.1962434910037090
127 	  2.1962858926967592
128 	  2.1963263859991256
129 	  2.1963650568025300
130 	  2.1964019871329317
131 	  2.1964372553245240
132 	  2.1964709361858774
133 	  2.1965031011586005
134 	  2.1965338184689410
135 	  2.1965631532724217
136 	  2.1965911677921017
137 	  2.1966179214505390
138 	  2.1966434709958340
139 	  2.1966678706220050
140 	  2.1966911720839300
141 	  2.1967134248071445
142 	  2.1967346759926680
143 	  2.1967549707171075
144 	  2.1967743520283034
145 	  2.1967928610366374
146 	  2.1968105370021860
147 	  2.1968274174180493
148 	  2.1968435380898730
149 	  2.1968589332117503
150 	  2.1968736354388296
151 	  2.1968876759564910
152 	  2.1969010845465835
153 	  2.1969138896505163
154 	  2.1969261184296505
155 	  2.1969377968228680
156 	  2.1969489496016172
157 	  2.1969596004224536
158 	  2.1969697718771966
159 	  2.1969794855408840
160 	  2.1969887620175035
161 	  2.1969976209837250
162 	  2.1970060812306030
163 	  2.1970141607034760
164 	  2.1970218765400100
165 	  2.1970292451065150
166 	  2.1970362820327510
167 	  2.1970430022449830
168 	  2.1970494199976933
169 	  2.1970555489038200
170 	  2.1970614019635972
171 	  2.1970669915921786
172 	  2.1970723296459260
173 	  2.1970774274475830
174 	  2.1970822958102847
175 	  2.1970869450605070
176 	  2.1970913850599430
177 	  2.1970956252264480
178 	  2.1970996745539950
179 	  2.1971035416317780
180 	  2.1971072346624014
181 	  2.1971107614792977
182 	  2.1971141295633316
183 	  2.1971173460586830
184 	  2.1971204177879913
185 	  2.1971233512668090
186 	  2.1971261527174706
187 	  2.1971288280822345
188 	  2.1971313830359390
189 	  2.1971338229979813
190 	  2.1971361531438850
191 	  2.1971383784162040
192 	  2.1971405035350660
193 	  2.1971425330081630
194 	  2.1971444711403048
195 	  2.1971463220425810
196 	  2.1971480896410700
197 	  2.1971497776851776
198 	  2.1971513897555820
199 	  2.1971529292718515
200 	  2.1971543994995320
