485.0509259259259
547.2807720009504
547.9629629629629
578.672131147541
600.8405017921147
609.4050925925926
562.5406432748538
553.8620236014211
486.1648936170212
385.0643274853801
425.1587301587301
331.0185185185185
351.85113960113955
540.3162393162393
560.6381915388191
580.2962395989571
588.1823930088697
592.091943579093
549.4922135758048
395.6944444444444
398.3871217759938
354.4444444444444
648.7721641502129
460.24282224095646
565.6325744100557
598.8223899038037
608.8868113176994
611.1349352607563
562.2481314736347
360.6646034621578
381.5184088197786
404.9664062514945
742.9120979532163
737.1360314783586
608.8648150478343
586.632621479418
625.9318027210884
616.0816984235231
609.7689613285447
474.28530935107256
458.5794639832887
439.0608913998744
444.8418803418803
613.9983386376829
668.8404061145334
648.3321256038647
716.9861111111111
691.6493930905696
742.6580459770114
753.8629508987815
757.8055330269442
678.6430906844527
448.5039123630673
506.72569444444446
494.520054200542
486.0569873997709
510.84356725146193
524.4895676219205
509.7068126520681
573.2902661064426
587.6526289682539
587.1812865497076
582.841366159548
498.9774578674845
454.0349843977281
493.5552420679919
558.1804584562949
565.4640921409214
628.4634502923976
624.5090349865436
613.3345386304468
586.6291004791179
658.2796872158574
663.2091715933811
690.2810256410256
734.9844256460161
758.0581475721444
760.7585750775405
726.9252078950004
450.8122750445304
404.4247150997151
522.8614097968937
505.6648050166568
447.65723381518126
461.2985345169031
490.7953255336523
486.7413645900594
556.2429193899782
519.258253728842
530.9669432227613
548.8851405336924
539.1807756296857
508.3525326118242
432.83010550099016
421.7935091047656
490.6869060669454
585.3733125649013
594.0710795902285
613.4086616496975
613.9187242798354
637.8929829195281
637.13575708061
595.7547703306176
546.1657447840854
641.2264554420877
656.09439178515
690.2480858245036
733.7516445886275
771.7415875754962
786.1628471827664
657.3551221491336
415.6852194827076
369.1719931700816
585.0370370370371
533.3531409739037
421.84354110207767
410.2982913011696
440.9693303881698
501.6293625066177
542.5254332333772
544.8936842105263
547.6227914487401
501.32319703243616
464.5030303030303
430.2506614277201
440.339378992634
430.7908618859266
407.64478073526845
460.5586137658287
549.2322878433989
589.9310744810745
598.7863429869392
609.3863241175447
599.6416730425912
614.1100105652403
624.3125719344843
590.6245031417774
554.2000642260757
621.0749628464026
661.3951824462843
671.0370899552873
708.6101366008784
739.3138735445809
729.6153588237288
593.8570815256688
476.5617870722433
465.8254062204935
596.9569008470353
557.7126376421073
450.9159483051929
409.6729678080808
452.37036416993953
519.7162653400599
542.3378694918753
524.9911360799001
519.1046831955923
478.6404569892473
446.9808565554077
417.7851312205588
420.5645343414165
414.7746542433333
421.8305981734706
455.1330366796972
565.487540192926
601.9479336595975
608.6620440410153
606.3165480751687
598.7646360759493
608.612812214754
605.1518540685955
602.4414108602626
587.8522717049033
631.2410693422129
657.5300525183983
672.9699346405229
712.0817656464111
718.3607578852013
684.5185719293235
524.165477342364
521.0052515364116
505.8084215167548
398.39130434782606
293.23148148148147
606.3888888888888
546.1771730217301
474.5186924013215
476.442292796282
472.0503655601722
505.8444851545681
552.5720104486348
564.6440683065855
518.242158553197
487.9181353500833
452.21147368404695
434.3923651345435
468.1994136071822
491.3789283666294
487.9408099688473
499.5555986552883
533.380933750652
568.8192033556425
589.6790849673203
574.6628959276018
589.8813813813814
597.6544256120527
611.428349050357
611.0915080978825
618.8451573639367
609.0653555989815
636.4869078380706
675.7071150097465
674.6421400743061
660.9996101262687
574.7331580575317
544.1580762385969
530.9943508726666
513.1268480913682
427.9181466421066
307.3611111111111
335.8582375478927
313.5733333333333
223.66666666666663
566.5430618024321
544.7766484232474
517.4843088907733
518.3028031053552
527.4452697419858
557.1475811136005
551.9480418943533
540.4280649793574
496.7784642138019
475.3451668099119
468.2511218084505
453.3340078279373
474.97514294760737
507.3881166530389
521.9382032348805
543.6672417231348
566.1162690235196
583.2382547338335
596.7087215320911
599.6399824864815
608.6889064697609
596.214625103848
597.9279120212689
594.9971039675644
547.9198825078496
595.8989318085535
565.6547962784729
594.6889595105022
592.1840570714633
566.3597315436241
556.1094445768476
512.6786128016951
520.0437419036137
457.5975747757415
328.71847842954685
392.5964519495166
317.567634552982
274.87157529870296
274.4294404978285
265.6858237547892
161.57777777777775
563.091620626151
562.9322186263934
558.3949763403936
547.2780942048639
557.9355013174381
562.1347846947667
519.4366626558351
518.2260111633334
507.7615706548498
495.4542109566639
488.3554524525178
483.4996780721118
487.1236826257151
489.5446677634404
525.2360107095046
528.0283116525052
522.1389966916499
583.6229773462783
593.9389849755415
598.0553390491036
605.1680790960452
595.0200493921674
521.302239297115
469.7419765088829
394.12420536521824
377.9349396111
371.2071901575297
512.546865809391
596.5193680118798
644.9434666467151
588.0915532879818
494.0067431443242
475.6094911701277
435.86411454542935
400.6971230538782
427.4687234944868
340.48097412480973
377.4454301890608
358.86752136752136
306.2166094048844
266.08572385066753
204.3216049382716
579.0115401785815
585.5725187510901
590.3499554949863
565.831840282071
558.1301176159157
526.3080203217748
504.7313470860738
507.98817301875374
510.89192169837327
508.8614379084967
503.0406115417743
486.8043536324786
479.5849764987442
485.8566094100074
501.48054310643965
517.8867698544316
533.6437613843351
576.6235711697248
598.2600213921386
565.8926766657771
560.8082906308633
461.4877910552419
488.7809248738605
487.6762796504369
345.2763672843998
447.9656392529646
642.1758767047563
734.9505011270944
728.8262908233122
695.5619419012094
664.7994754665151
576.9101918064857
511.5554480140218
394.0250049371898
496.90640979344215
448.7273519816844
377.1673515668688
442.6896929824561
470.5413160733549
285.0314465408805
245.17572624622431
232.70419287211735
138.287037037037
190.66666666666663
602.050711479034
582.4595752438246
583.9704385757539
567.9096302331737
540.9989186754841
556.6986802211521
545.2783733978885
540.3809696834181
511.9750466605899
532.7526048507135
531.6889467592592
519.4621775793651
512.3678273986461
503.0210287013356
487.7409250473388
486.1260571595217
500.6198760541337
543.8374046872425
544.6671810337949
476.3153222031003
520.7615876210352
552.9432251142701
603.3511076087908
574.823531404773
488.6849369955132
559.1896216596753
736.1300119276998
748.4078060447923
691.4707099852199
642.7184050435094
694.029939562994
681.0168743940698
654.1331082463679
504.9363010943883
523.4392033542977
524.1020586947
442.641160949868
527.7245319717968
638.8774928774928
540.0072016460905
225.70670731707315
192.5546162104133
216.5455755156354
640.8293963254592
625.8285274894272
601.8268057991037
598.6159292280621
595.788200219548
582.3096069478019
574.7279179001032
556.8271072796935
563.2046808510638
540.2992125984251
545.9632901379518
546.5871670665045
526.0562150454207
521.4581659973226
495.92966556799314
467.67736197840657
438.41474279354657
466.8711619771774
448.1677531903508
521.8866543730884
571.7534889962426
610.7838709677419
636.1438306706381
626.5366403128453
610.0304352691059
627.2736514971567
574.5562846294918
633.3683490169461
639.8645746744251
588.0691358024691
655.9598237428719
612.8755555555555
641.7649160414434
618.782443165507
556.1123070232659
621.5473410999091
639.489543835459
543.9207370306927
509.6904320987654
584.9072496687488
350.16666666666663
165.48304046138594
166.88934673587192
202.60879629629628
616.9830917874395
660.5664578983994
656.1473968897903
635.1788432267884
630.4451449085018
601.6372269705603
582.3981555378203
592.71750764526
593.651890522756
582.1844088753387
566.3796486688306
551.5530635043395
550.2729732251142
544.0604113387074
537.3583333333332
491.2357950151571
480.6485763414752
493.1008403361344
487.2641863820771
511.1172704230424
550.6738166350716
596.7677836566725
629.78659063418
643.3661382479881
657.9597166888003
588.0369252591323
583.2536924867746
626.0625248904819
643.2104575793578
614.1566472836953
651.3758816721132
701.6121582002033
730.9617129629629
699.8305338353123
618.4988626864712
524.8854707170224
419.76916666666665
620.9684797072521
572.4369249823071
396.7394106813996
392.15509259259255
391.785146679164
357.1333333333333
120.62669082125603
190.08709677419355
685.2526077097506
670.0904392764858
675.9189914326856
680.9306784660766
665.0858626555645
644.2601282051281
627.9294772256728
605.261689909762
597.984464031339
573.9655413643472
602.6527579241083
593.4530965391621
571.3826086956522
550.6116259477675
550.9190500953371
554.1593130278014
524.6051737117688
514.7459660947712
503.07832569837416
495.0360650353375
506.1925766891577
544.7828836424958
585.2326905778117
606.1438746438746
620.858286252354
637.5301318267419
649.190065913371
601.6908591751528
665.1876435258788
678.3717147000181
676.76480431243
657.5765229596637
643.7633798313902
720.819119661929
693.7610332294911
675.6404736749428
558.0083333333333
638.4099068393547
457.1078974902504
499.7891340433396
491.1526763990268
384.4567901234568
336.4039351851852
379.8269417895052
368.5190972222222
270.72222222222223
750.2773029439695
748.9166666666666
723.755274834737
723.5333781362007
703.1363554838131
665.0850358422938
678.0629046369203
651.0490482514386
626.4979813937159
591.3426852828848
589.3611771962287
608.5693915545401
598.2992764471057
572.9520764048776
567.7763478845992
559.2834546715202
544.8166401772614
527.7143036479101
546.2897862232779
557.2736240913811
538.6320980112733
553.3624667258207
565.5810520653696
582.700935003631
616.247917214768
623.7581963531842
636.0979618671927
656.6886886886887
685.7022102146448
704.4451963906582
701.3240522875817
685.848409913746
677.0129730195672
642.8376623262074
693.4372523686477
684.7427308358399
623.9592825470454
591.7644163150492
500.7468604922775
439.3183024691358
444.2282282282282
326.1473429951691
312.17921146953404
276.8124277513274
309.0276590693257
303.5792007797271
758.6183707779306
781.0273261065944
769.9000974658869
755.8320834410827
717.437448896157
675.4658466584665
696.6364416967199
657.837955335896
640.5307813733227
621.4502824858757
623.5806312148725
629.9308704170164
627.7489808309481
603.4277735465854
581.7797923052016
570.1824095758521
558.9040294211095
553.6613017646537
560.3850136200806
578.5684840163357
577.4515530868896
558.888907462859
558.2690972222222
583.1982770554051
623.0366448801743
630.736652835408
653.1015455659222
690.4246734657362
692.090183654699
701.7439992257065
689.7238715277778
681.1101026045777
608.1764479613144
572.3886328725038
557.7472566716808
550.5533213874211
532.4009059013323
627.0919682017543
531.5539379378449
481.2200435729847
365.1759259259259
319.87062404870625
785.6526925698705
772.4426074370964
777.6157187993681
753.9751016260162
742.8564814814814
716.2931899641577
678.4879879879879
653.1124124932687
653.3257472517489
661.7045475092668
665.1684698608964
649.9047021419009
656.8459253347521
662.1660874988862
627.637511111111
574.3039017250172
568.621611154144
571.1394256575416
553.9505533421868
541.3165756053675
572.3034970859267
564.661754269658
561.0603781909676
557.5031997774067
583.9661433227799
611.052866760782
616.521304347826
646.3491379310344
686.3932740092655
683.9164276152228
642.4432096169211
660.8050098742334
687.428918379738
639.597470832723
564.0743310208127
474.265578078078
425.1624340308478
418.8940623669272
476.89207076492295
459.7039083172424
417.35931899641577
324.0067818110851
288.60659804178687
775.3884123093682
711.1951819075713
701.6450592170689
715.2131079967023
742.7408559884407
741.6088570670909
712.5440164484726
697.0098666666667
706.4051553489973
698.5687790452048
684.4331013147718
663.6417797888386
661.0346628679962
663.894167532018
636.7533333333333
560.146641933029
550.0915481634842
561.1392788329204
531.7518202634647
532.4299340023506
584.0779816513761
591.8412261098662
589.1669866939915
557.7324697086877
611.2295214469394
597.7703090950705
560.6212591902247
609.7884843102428
670.3796625222025
688.545060076416
619.5152105471263
658.4554210596415
669.2383372426375
633.4437861826044
590.8780748166713
527.6996233521656
497.9994744034479
469.1850173436276
394.6224676483712
354.04901960784315
361.6555555555556
376.9512195121951
262.45090439276487
792.7149646756583
703.7229885635869
652.5629911938457
758.8845107540593
788.9071441843181
787.4359405663022
749.3203412836921
754.0259199570239
758.0021225544481
748.5436540383392
719.5498207885304
668.7229924359838
655.0859644582471
654.1704743554454
606.0893029077604
552.4008286554397
523.1450318159569
512.8189912561313
536.579867389994
560.2101243579345
566.266012140203
616.8652044836299
622.760900140647
639.5168216024789
633.2051282051282
613.7313466274676
576.3427509565918
566.0745164960182
635.2186887441238
657.6121399176955
616.7856942624144
616.7838709081503
638.4216524216524
594.4208471705977
550.3220552681568
547.4864575202216
508.2944750816993
442.0711544940421
380.3073491472384
380.1898293044005
278.46415840723347
253.9879629629629
293.3333333333333
806.8866666666667
753.4740183052849
734.9050645099171
813.321494379952
823.2156407278358
746.881256656017
742.4128590411939
778.1912022432527
801.8508892555922
771.3666390270868
720.6657414750198
670.7226619759601
679.2284750337382
659.8642531876138
612.0891972712831
554.4807692307692
517.3542226702509
531.6849181828585
609.7438875330641
597.9867679504196
567.5363976654817
620.5973634811307
648.1425767996526
662.2146775654066
637.8465116279069
588.447274719255
567.2524866192488
581.5206668385322
569.6811120583499
577.1036036036036
563.3613973166304
520.1639507299108
591.6959595959596
551.1338212218201
511.193488089028
500.6362022240912
440.2433862433862
392.8740819780661
328.1611362493716
239.99116809116808
213.7486338797814
191.9861121817933
778.0542248835661
817.1127462716604
830.4470920483628
840.9288961629387
781.467770358004
761.6950297136683
747.0627545704272
700.1930238181598
743.3409443474887
693.3003570678428
664.6286959228136
700.3501280535854
690.1095264727815
654.0559259259259
600.9624312431242
581.3196961376533
600.5485451951114
660.0356253114101
599.8662662114175
596.3977312390924
631.1945186504403
648.1882188568876
670.4148322851153
609.2536250563779
602.3146669715983
594.9326400599588
568.0979583824106
538.0355879682114
538.7618829893735
515.2937974118697
474.4714463066418
539.3134851980008
525.2372275812791
463.1
443.70620620620616
369.2858602749907
358.30322315800623
301.72183362250024
269.9879414298019
201.2083333333333
191.00551994301992
830.2075396825396
885.06465093412
881.2132718560708
859.0008788972152
805.6384722222222
773.8487654320987
773.8
749.7835051546391
686.3754160722776
625.8430420711974
690.1696801112656
692.0499194847021
688.2182727751448
682.0107212475633
634.1211701734958
654.3008920169328
551.563881823383
633.9079951690821
580.9853625874499
690.8572448159183
679.4168865435356
645.4593194563254
629.7744807121661
552.7078574036832
599.6721194171728
564.7361305750195
527.7850020803613
474.20683377605855
498.30032196628775
481.99061740954136
385.3885095939313
458.9220404315844
453.9050111861626
412.0863012428121
398.9147213174086
299.44799170486795
349.79850228850046
320.07255116417457
332.8873598369011
892.8447028423772
883.5860339506172
783.5238668271159
792.1771118409049
784.7533920058672
753.1397724762536
683.1044085129905
563.2076388888888
621.653721103654
729.6666666666666
657.4031550068587
646.6132237871674
529.805787161076
515.401891252955
566.2303652538537
570.6273148148148
690.3174766484376
685.1303191489361
659.4971039790281
631.9611344419708
588.0263781943684
528.0515836556738
507.07977204185744
508.3718036387749
456.23945464506784
394.4353587588881
406.46544163210825
391.6493601039497
334.3015622213504
391.8614371521463
400.0688815614005
361.9759255610865
342.4395061728395
321.923770656174
294.15940418870207
807.0598194130926
776.070846617074
708.3643067846607
665.1165467531098
654.1213768115941
565.042735042735
623.8401276328636
659.084133915575
672.0232558139534
681.206432748538
557.4752843394575
379.5372549019608
609.257384641805
633.356119460271
660.2770907758542
670.5678387248007
618.3124129054137
537.8774622939651
503.4085025886101
496.8567625991002
439.866774840117
403.6018186467058
384.23932679457806
423.0194414749325
404.6577227846267
407.3553485638828
391.9781520948848
325.4066104078762
286.7858337133303
306.9525395970745
332.2098214285714
699.1111111111111
539.311971420239
627.875456871345
635.8446647780926
619.1556956115779
583.4415316851378
433.4889809197546
400.8385327022375
499.2115776288644
605.5854891465953
591.2876712328767
523.8462644275402
466.4648117350377
475.88115611138863
434.1221275526059
453.1584048180536
423.8869687367143
406.9027107811877
456.8971830726432
413.7942391814452
403.4607318242845
380.4432491425008
349.5411651132043
298.3972423240716
277.39028675613014
491.50603864734296
557.3196732026144
545.6835317460317
523.5114728466384
516.1298864695323
428.1546341605892
445.6187138406764
443.9497113890933
480.7010419504421
497.59778184778185
479.4405891656781
420.6903843970021
436.4043579697465
440.1591265779597
398.40045491143314
400.496064006389
385.8763440860215
438.78783941162703
430.8149730523119
369.5029239766082
356.1284102855764
349.1305011028019
330.57996441923444
195.6595733027239
478.92512077294685
474.9651822496581
457.5047080979284
457.63350020859406
449.4522900717328
520.3630824372759
469.0772037816217
414.5544731040564
385.0248839532287
371.0768518518518
375.1849315068493
414.6639458364971
402.5261341738061
369.5326377098661
399.9021029793631
352.2954131356836
378.56978978978975
367.1203321405633
319.940485639711
323.9810658071801
313.93218742909005
159.1656695156695
448.76811594202894
397.52777777777777
443.41513745940256
371.7888930441287
407.789601227117
384.8342241692847
342.9810802469136
360.477205592198
385.7756020328896
390.3325605758858
344.10648148148147
368.52025357661023
316.3182221956021
299.442315810224
315.4865648012787
319.9127067117508
283.4973544973545
414.5411111111111
431.0272884095669
406.4211526896157
336.7396825396825
337.7974624234983
341.53472222222223
294.73546511627904
266.8951477610014
295.22222222222223
374.8931623931624
384.34113954145886
365.3171296296296
289.2486289345221
290.2653244631186
320.8298249945986
337.2786958838726
360.4810902918673
353.28463912630576
295.1863799283154
286.0811971555923
316.8104103070966
306.5754941239316
288.11920405982903
291.40763150170943
258.63441105039465
262.4426947487393
253.60635668852436
264.1005116959064
270.2521367521367
248.84660047554783
267.99572649572644
209.03502415458937
228.0528673835125
246.6851851851852
236.70370370370367
