0.638332407432548
1.0742913129376326
1.0759959063974582
0.0095653991893046
0.0095653991893046
0.0095653991893046
0.0095653991893046
0.0440985773993866
0.5414382428918583
0.7890727067281436
0.5920754606827947
1.2886306411819086
1.2886306411819088
0.0095653991893046
0.0120792331750259
0.0219629434130691
0.0095653991893046
0.0095653991893046
0.0095653991893046
0.0684046527362547
0.1281616463575119
0.0694844671186492
1.2886306411819086
1.4157304565394004
0.0517520247053027
0.0522255324797033
0.0343301420384942
0.0294799069452321
0.0445810654687402
0.0248387860507573
0.0105915326932584
0.0095653991893046
1.2886306411819086
1.2886306411819088
1.438552071412866
0.0812518321083781
0.2332940116597204
0.1643742818817511
0.1538153917293494
0.1788766095352787
0.1282234036846062
0.0910517506274889
0.0095653991893046
1.3235590559518349
1.2938827753823452
1.2105033149899187
1.5813447560330869
1.5813447560330869
1.399256147289246
1.292698003564959
1.432229024253708
1.445727544882729
1.4457829278439924
0.0095653991893046
0.0095653991893046
0.0095653991893046
0.0095653991893046
0.0095653991893046
0.0095653991893046
0.1823306929241444
0.3843474688610719
0.3511905775018056
0.3043635242632893
0.2559215714317896
0.1713130439708495
0.1271873840803457
0.0115509785235746
0.686169374256744
0.686169374256744
0.686169374256744
1.2057840773049535
1.3849973698319291
1.2096530360365678
1.304246968584364
1.5813447560330869
1.6964748190443686
1.705704202950312
1.4768440096962094
1.4637592033108966
1.3992448569049143
1.3493184799793183
0.0095653991893046
0.0095653991893046
0.0095653991893046
0.0095653991893046
0.0095653991893046
0.0095653991893046
0.0095653991893046
0.0674824334981365
0.1823306929241444
0.1823306929241444
0.1486510885049667
0.0302557665566762
0.0302557665566762
0.0569009125648041
0.5367302164219494
0.9008100960148232
1.0123702421484022
0.686169374256744
0.686169374256744
0.686169374256744
0.686169374256744
0.6912502428339706
1.5144764059633318
1.223080943138256
1.2046711695973051
1.2211735459334991
1.7813006310436363
1.8907690709686296
1.6819709788025246
1.5301546354824669
1.465556722008516
1.3882099239442038
0.0095653991893046
0.0095653991893046
0.0095653991893046
0.0095653991893046
0.0095653991893046
0.0095653991893046
0.0095653991893046
0.0095653991893046
0.0095653991893046
0.014088985825762
0.0630501726933608
0.1823306929241444
0.0308020232124485
0.0302558598216762
0.2107372343524512
0.3010954170223944
0.7393449158124237
0.9812486262933092
1.0095155419003494
0.686169374256744
0.686169374256744
0.686169374256744
0.686169374256744
1.1637699978709102
1.578888568657484
1.518363207239772
1.2037124759985942
1.2039961048020924
1.274018275862424
1.8249734989498256
1.8415111362489704
1.6774588972024211
1.397249586809857
1.216815638935161
0.0095653991893046
0.0095653991893046
0.0095653991893046
0.0095653991893046
0.0095653991893046
0.0095653991893046
0.0095653991893046
0.0095653991893046
0.0095653991893046
0.0095653991893046
0.031443122702637
0.1823306929241444
0.0724114482371025
0.0302603051501758
0.2936726418254978
0.3104932778506906
0.3771784930341784
0.9730441400328628
1.0487142915683612
0.7177350729359729
0.686169374256744
0.686169374256744
0.686169374256744
1.3714183935988142
1.5784226399556387
1.8488553154406089
1.542113843606168
1.2037124759985942
1.2182787416845535
1.7684637165618478
1.777545356926414
1.5647370119873585
1.232638823511932
1.1070795930053785
1.1068515921464928
1.106851592146493
0.0095653991893046
0.0095653991893046
0.0095653991893046
0.0095653991893046
0.0095653991893046
0.0095653991893046
0.0095653991893046
0.0095653991893046
0.0095653991893046
0.0320995016913605
0.0760361478180851
0.1823306929241444
0.0332916876571474
0.0316798251062749
0.3057843194179674
0.3135028618796341
0.4767279859099189
0.9738461997026856
1.0340459920873355
1.1848394816708143
0.6870882210894267
0.686169374256744
0.686169374256744
1.3916607692537906
1.5784428406253932
1.8468831661940648
1.8920054146713765
1.2037124759985942
1.2038030441074024
1.298290386071471
1.778992395494963
1.7825020221865069
1.6783985441135685
1.345530594916056
1.3550300327905975
1.263686709046798
1.2502151187935735
1.858253507083764
1.8863880075510893
0.0095653991893046
0.0095653991893046
0.0095653991893046
0.0095653991893046
0.0095653991893046
0.0095653991893046
0.0095653991893046
0.0132176976215878
0.0865047932995414
0.1823306929241444
0.1823306929241444
0.1106945195692484
0.058394754784362
0.3183495579409691
0.8173748129464381
0.9163416084405016
0.979613797119992
1.043952025387806
1.2046920575262514
1.275888272445253
0.7720922571768563
0.686169374256744
1.346292999043141
1.5788887166755918
1.7896197724952687
1.978583243401922
1.8149839649190955
1.2037124759985942
1.3226209871481909
1.759952079557638
1.849451997427244
1.7551833716457288
1.7387313452158728
1.6958389454448035
1.550446088876848
1.7975869028220877
1.957530454426844
1.964533079849752
1.8101015377662024
1.7890771114420456
1.715058987104452
0.0095653991893046
0.0095653991893046
0.0095653991893046
0.0095653991893046
0.0095653991893046
0.2829215160695183
0.4874993411758007
0.4918873714497228
0.1823306929241444
0.1823306929241444
0.1823306929241444
0.1823306929241444
0.6303638149717858
0.3944845317453406
0.8339134119045719
0.9738761771721498
0.971897857508926
1.2103855407170243
1.161764178308034
1.3012226549935193
1.3313799576626248
1.4798036567869794
1.3660248288125487
1.5220341451470318
1.78555423711874
1.937825163308765
1.9697940869312407
1.7380987682502251
1.7506846641732197
1.7646115102005084
1.775700507844841
1.7812103406880095
1.996862642053728
1.7941883744106133
1.7248572950300187
1.974640955816232
1.9770646616762504
1.977885251423101
1.82721487103757
1.8201879064476916
1.6984465560750617
1.592477212524542
0.266087147537549
0.0323183856932634
0.4931155560073556
0.59087004430905
0.529266608022643
0.4996110205091894
0.5016589467769634
0.5431965511965048
0.5742716236058708
0.8178107867855668
0.6925955996918753
0.6957275359270044
0.6986418590512151
0.6990736745692162
1.1845593377932784
1.3846882350417018
1.4893300575059676
1.4122984597630106
1.5151976341334874
1.232180393656422
1.3924156575075686
1.4322323546560036
1.5892348740391915
1.698435197308164
1.784980510617676
1.9374772203910315
1.9706996338859668
1.7966335410681091
1.775866974219408
1.790812440247341
1.6945082824543376
1.7232266838669337
1.972238140664792
1.8809335301477372
1.8402367563004225
1.926058560611596
1.9475367306798888
1.9780793370188263
1.900477190156308
1.798217677864768
1.6594036083422696
1.5402975116465636
1.228214817760167
1.1004404617839003
0.3499487151731651
0.4330855212156662
0.5964488886094101
0.5908804921114822
0.4744142835429388
0.5124950445622702
0.6127082080829448
0.7569918245162699
0.548687272226196
0.7392589990412339
0.9502382257716784
0.8766175003665321
1.2591696675347237
1.3927690900471537
1.5066388445906145
1.509230140721665
1.5188626152381777
1.4388114016151805
1.504663265966458
1.444835711919124
1.481259085733378
1.4366629351701512
1.7294831191377646
1.7721158864095978
2.2051842203425966
2.1138002080831617
2.283917682108458
2.288762665961097
2.223970911846221
2.206107741342821
2.1351922371718635
1.69657592869499
1.864273290756248
1.8326091173593315
1.870746553337676
1.882427386857561
1.733100419827737
1.685191143876791
1.8482333143227785
1.7794768801497665
1.5441893306173853
1.312249991868801
1.2601775051369033
0.3645828684912326
0.4156282888152667
0.5679232541191227
0.7591011556820021
0.2884179032768429
0.5360901492988802
0.5865008432316634
0.7559273797619666
0.9412708253433576
0.8067559231886068
0.604913869491976
0.7506172454295568
0.8568465081313407
1.2794455444398078
1.4610970164233157
1.441492274683592
1.5217182471815591
1.49868941378813
1.4642523965798675
1.4277310219852226
1.4015108882858394
1.4914031939507029
1.5974631793561311
1.7775910835599935
1.7842420477562215
2.37796920019082
2.388176106779258
2.359099206288782
2.3202310235853467
2.2447200891690047
2.227122286788576
2.0453986789860523
1.9270393821695129
1.931412546465124
1.7704698349343522
1.742731190409469
1.6714381201590678
1.7590435834734923
1.81670313757342
1.8666752819465384
1.7641626136239044
1.3828074949389082
1.1333858723109225
1.191240011297373
0.0095653991893046
0.0095653991893046
0.5704009878182141
0.5065749548408549
0.4294201044206497
0.2364606366769659
0.2364606366769659
0.6174418054320518
0.7118974315204694
0.8592366300954406
0.8812445892360188
0.6831037346023293
0.6061777222883363
0.6024413749742579
0.6750274823269936
1.1115913208210264
1.3466861507065957
1.5134404938285575
1.4900120480074148
1.4447442765916902
1.3943164995727853
1.522445189740928
1.264571330122623
1.350785946621068
1.5088310508614446
1.6050190800323207
2.260620560369583
2.335346360693517
2.353922360983611
2.229622335611521
1.9631214217427424
1.794978753103658
2.208632970565549
2.079793834468181
1.861856620926006
1.871903964069335
1.7605193297404158
1.8026494743466472
1.9451306830927857
2.084575113638719
2.0342509334427823
1.941926793139095
1.7433734302510526
1.2127432508345986
0.8635866403375382
0.0095653991893046
0.0095653991893046
0.0095653991893046
0.0095653991893046
0.7290417713681435
0.54964607491341
0.3070990662121972
0.5386995488991351
0.8334034256039323
0.8496677744195574
0.8598312085793552
0.8587358615148633
0.6405546997613866
0.6024413749742578
0.6024413749742578
0.6347773193883651
1.0640156961377865
1.2896888242208413
1.1723729607408382
1.0887500348776435
1.1445402507315106
1.135040990189906
1.0224389953186257
1.2110286587847463
1.234908065195412
1.3961987816003696
1.4668260279731793
1.915702053670524
2.13153878633462
1.995361212738528
1.7314009659345615
1.7314009659345615
1.7314009659345615
1.7314009659345615
2.254160961483074
2.2896224545283026
1.84192923070804
1.880604039072816
1.8583123897552267
1.9202142990247704
2.021436668477224
2.114868281678855
2.1210634803387665
2.0882937913567106
1.884893914079117
1.5101589297828075
0.0095653991893046
0.0095653991893046
0.0095653991893046
0.0095653991893046
0.3518385865733713
0.6298321524898509
0.3587379357441526
0.2364606366769659
0.79772263271254
0.8532645075037125
0.8566204411409295
0.8779160879722642
0.7321897336995115
0.6025554310584325
0.6152106800887569
0.7266448129876499
0.7948020436642701
0.8293670612780903
1.1428412449215282
1.15730450465359
1.1755564694796208
1.4238540335361318
1.3741478415132304
1.0281303434152826
1.2221405256387166
1.3557888572148638
1.4167530028424593
1.6806032057827005
2.0133675306447527
1.8853589549601968
1.7314009659345615
1.7314009659345615
1.7314009659345615
1.7314009659345615
1.1979478077091057
1.1748521481552772
1.269395692793699
1.8570425758559292
1.9531155292346492
1.9355371211004917
1.972024225419064
2.0550704378579465
2.195875943864455
2.253907732865755
2.1235982853213
2.011426229269772
0.0095653991893046
0.0095653991893046
0.0095653991893046
0.0095653991893046
0.6663193656034427
0.4987720364637504
0.2364606366769659
0.264971996810062
0.8944254632618712
0.8824787368452429
0.8297999879535034
0.8237905601382947
0.8236158225389028
0.7904662110094616
1.279815303487787
1.3775397909430902
0.8237905601382947
1.0508784988903737
1.171486376216149
1.168627113055278
1.1571448589241022
1.3855970406888736
1.428801449059176
1.110148947926652
1.2350859308315267
1.5678572930155092
1.5674729385250912
1.4464095245414446
1.4125144909662124
1.4539537406704084
1.7155759437786582
1.7314009659345615
1.7266730301873423
1.1869918362448073
1.1088260932382874
1.107844278452646
1.5318166580424202
2.074581352126096
2.135105579933533
2.0682796846139047
2.047640406375275
2.1323586516268414
0.0095653991893046
0.0095653991893046
0.0095653991893046
0.0095653991893046
1.24169001026431
1.2610522959106212
1.294956361722854
1.312122148145492
1.2087738800771366
1.2772094599673065
1.1370999626444394
1.1257892512356718
0.9000277376787776
0.8237905601382947
1.1253631893293312
1.5399059853338786
1.5594575926356544
1.4633700394222529
1.5984575676401822
1.7112665916278145
1.2868763323132313
1.157056118871086
1.3620679994171327
1.5467935368789982
1.6429429890713871
1.4538928028213989
1.6074578805854884
1.6083974062523476
1.4606870864695072
1.6233899746636795
1.7605977754748483
1.7306975523641497
1.7314009659345615
1.6531023793468724
1.1292647918563483
1.107844278452646
1.4376616767092905
2.3417915214960727
2.447426609622698
2.4880241845505706
2.1896526294278003
2.119445499886214
2.246875002402965
1.0785642287096
1.0839087203225786
1.083809532282098
1.2327131390436583
1.2876502595887716
1.3228255675444878
1.5728326822012382
1.5930119189585938
1.3974108038545214
1.3895830485127647
1.2594829665951668
1.2452339283817055
1.217318335740312
1.2173084711559916
1.2296938507671809
1.3019729881483573
1.5624827621785773
1.6314288527554095
1.746871677696327
1.6946965645259175
1.1821688898043117
1.356415958286594
1.6402998941882712
1.6657816192294608
1.66587729268189
1.6100488558637438
1.6990845783982944
1.5810883968015352
1.4181054436782436
1.7617470441038483
1.8132848777003612
1.7320510833672773
1.7314009659345615
1.7314009659345615
1.14010908426004
1.107844278452646
1.7486216937235166
2.5298407881160303
2.527703794797317
2.278698924477561
2.202433780882424
2.2091013474148484
2.2201539659522966
1.214163559971973
1.256350150107875
1.2889105043075246
1.4445297828952004
1.4710542904466593
1.577930720325281
1.7026457982019902
1.6141931655334023
1.422021646907606
1.472513956076214
1.4174104116253217
1.286736821322692
1.2272912771519893
1.2256121302028904
1.2256121302028904
1.244180365461444
1.5624827621785773
1.766611798649068
1.7731799788678482
1.6641250398343126
1.1796006459196242
1.4466219596147687
1.6561878175887554
1.66587729268189
1.66587729268189
1.8710122451767088
2.12883006973199
1.596449581888102
1.4246664436366534
1.7290626937129454
1.8152779883013728
1.759927233741999
1.7314009659345615
1.7314009659345615
1.2307815693832782
1.1117694198716332
2.0954056194382638
2.246352411170567
2.4291528761989416
2.315950005778454
2.1167216226318724
2.20961211880012
2.235174433873734
1.322509507196752
1.3652811171683377
1.4206142495725806
1.4830934571735557
1.4830265740899224
1.540140772732379
1.6209075063251492
1.784332424070145
1.9575363923054296
1.9690650516274288
1.9211586387946
1.4133154609084624
1.2256121302028904
1.2256121302028904
1.2256121302028906
1.249372479966273
1.7744184905021707
2.027548364513822
1.9809995616330247
1.8839559091963305
1.2191446256501768
1.4047004445622346
1.6404593136919687
1.66587729268189
1.66587729268189
1.976620204060381
2.215512852500952
1.609410112933061
1.568083879044203
1.7595437244463263
1.8145149935977292
1.73484301936496
1.7314009659345615
1.7314009659345615
1.3302965121169337
1.107844278452646
1.932700652365575
2.132486963148791
2.000796707002925
2.067594706735296
2.068051437937961
2.266888097545744
1.6249054725810117
1.6329795761397348
1.687231979725391
1.577817107854817
1.643708122459661
1.805512255371014
2.105946094996397
2.015040974823992
2.010771885022505
1.9716113971324865
1.4220154543044417
1.2256121302028904
1.2256121302028904
1.2620880530766376
1.6369437441085783
1.963133865791855
2.6250779014185834
2.698157517733705
2.675593890665802
2.574013050501832
2.2544639808269906
2.2381867206199297
2.227914673524536
2.427364828125912
2.547459155028025
2.263205534206473
2.17368405032624
1.893510248025047
1.7766838588144982
1.8145867586648667
1.77651385036072
1.7314009659345615
1.7314009659345615
1.2601517249283494
1.107844278452646
1.5398279459738062
2.0635675939201894
1.923460198432433
1.9317874199375196
2.19768462302917
2.315450599716576
1.6595015439184628
1.7698218799264969
1.7065722581153264
1.632268355202886
1.9305931556174027
2.109425657104653
2.06350305413456
2.200314483205588
2.491917403380976
2.455678672401017
2.2135452731310115
1.648866653499356
1.6695767067704756
1.775195976602169
1.8507484470443472
2.1981014953516382
2.733246273562526
2.841227223967804
2.786618092054261
2.7654926536386424
2.380173722896508
2.484267868524612
2.377954966454958
2.466025396040073
2.65004947139436
2.539822974328848
2.4599197760755978
2.348993291372094
2.225705128228669
2.199217505187105
2.3191909086274
2.388338279984638
2.2432127648525952
1.826254942433518
1.6155582419672296
1.6180521416243492
1.9327481104293325
1.909411285701904
1.90359198207104
1.6209574628860617
1.6209574628860617
2.141913301326649
2.078236841345121
2.196197985823428
2.4197711614415023
2.459797136470965
2.4746640709892698
2.4276270114163645
2.372232687110753
2.34860630933379
2.3636581349301697
2.6851086496741345
2.8680595692402475
2.9149266361855912
3.03180098578176
2.929307252285897
2.834160340494335
2.52413006818734
2.504718662086934
2.530795663702602
2.8269182792080803
2.543706750367693
2.536081431360371
2.267238811722379
2.302150257180967
2.377558095630945
2.427975512019999
2.377860517854752
2.204158753033423
2.236270501098368
2.2672023886197112
2.051716999682349
2.0376715179061486
1.9930548716045609
2.277108860621416
2.3939739262100845
2.5848634168713454
2.591118598133151
2.5566790458297035
2.5748016257503097
2.3275750650518754
2.374251623197376
2.666105690014416
2.994889775649164
3.086962776535209
3.1363439080881648
3.0594136075449736
2.9715669140047645
2.7137816399318413
2.593901751578191
2.6893844114643315
2.890817259904062
2.39712864225186
2.40085097049602
2.5407409481023717
2.543119293728993
2.530219819913365
2.599740990594856
2.44006403699139
2.421158841236119
2.1417748284512035
2.167221068904226
1.948265531798484
1.946621830048686
1.9527946112360168
2.6204158064744645
2.3079600794245128
2.3079600794245128
2.4088298051742525
3.02744141328602
3.13779340372703
3.2221543693730856
3.197731401589526
3.161567422857152
3.1497244581244197
2.694779853161526
2.69086053929418
2.8509465136120795
2.427107916409424
2.734554510448547
2.8959001860536056
2.863602628636545
2.873107274733163
2.81983966659112
2.616307666415708
2.576660171474492
1.8897079438598907
1.792352879919367
1.9020657854785528
1.818091828399348
2.3079600794245128
2.6216695440034505
2.762769997286034
2.933039847574036
3.011528693892849
3.1669243210109888
3.29461593706099
3.1912881051333355
3.1437153650557974
2.710474840702458
2.6856818908868547
2.8023142475456053
2.6095979960545765
2.748485717906536
3.0875105989371328
3.0297513380582557
2.983791616264636
2.948217900909391
2.81371637908945
2.488250274659096
2.412344054086178
2.284269231241705
2.220067961575994
1.9690820762206496
2.7498479475597115
2.750331532531796
2.8251193763022933
2.863818566788276
3.0829876990216576
3.2077623536413737
3.19456451419798
3.169266014348065
2.957664018589952
2.982720820288133
2.8658436983534723
2.9359703297926183
3.0901297792296303
3.068197239782486
2.9928487935414614
2.8550296005585403
2.5050708832300663
2.5129406575554247
2.549630881437949
2.4140062757916043
2.0620319734303223
2.005571409758854
3.0773761774999784
3.11698710458764
3.1079418521318845
3.1775131109574906
3.22072347552093
2.934777266690153
2.921781681250033
2.966022117636236
3.0877697201301544
3.069822084350359
2.9546947420073
2.820351681611996
2.433356224313929
2.598467354414668
2.53512821458603
2.4485751842969754
2.1080922577230474
3.159358080339431
2.9275182760301783
3.0074011922690693
3.115111967477661
3.1258372641097543
3.030423310559576
2.412006399981704
2.4340735178086823
2.5860000742302987
2.658396001524997
3.009262532441477
3.23862468076678
3.144426663285512
3.198298352516616
3.2003862044637152
2.55274393147692
2.599139414833972
3.0518788940213533
3.224760588703593
3.1492688060806606
3.10263851988666
3.156038660792344
2.5536170162798584
2.768193827915449
2.8461726215862724
2.892026157878816
2.7165569358049293
2.581935407601136
2.5527439314769205
2.6550126685381445
2.659511294165616
2.074321394697284
1.9238367210036156
1.8998297899677823
1.8998297899677827
